text,label
"I love this product, it's amazing!",1
"This is the best service I've ever used.",1
"The quality exceeded my expectations.",1
"I'm very satisfied with my purchase.",1
"The customer support was excellent.",1
"This works perfectly for my needs.",1
"I would definitely recommend this to others.",1
"Great value for the price.",1
"The performance is outstanding.",1
"This made my life so much easier.",1
"I'm impressed with how well this works.",1
"This product is a game-changer.",1
"I'm happy with my decision to buy this.",1
"The features are exactly what I needed.",1
"This is worth every penny.",1
"I hate this product, it's terrible.",0
"This is the worst service I've ever used.",0
"The quality was far below my expectations.",0
"I'm very disappointed with my purchase.",0
"The customer support was awful.",0
"This doesn't work at all for my needs.",0
"I would never recommend this to anyone.",0
"Poor value for the price.",0
"The performance is terrible.",0
"This made my life more difficult.",0
"I'm frustrated with how poorly this works.",0
"This product is a complete waste of money.",0
"I regret my decision to buy this.",0
"The features are not what was advertised.",0
"This is not worth the money.",0
